chr14	23058332	23058338 6
chrX	139015475	139015489 14
chr22	38082333	38082348 15
chr1	204464065	204464092 27
chr16	11891244	11891301 57
chr7	101457984	101458047 63
chr4	37828145	37828218 73
chr2	43454068	43454143 75
chr13	114144985	114145063 78
chr7	101457786	101457879 93
chr3	121553841	121553944 103
chr2	88990917	88991024 107
chr11	65189553	65189665 112
chr9	131314358	131314488 130
chr3	69063083	69063217 134
chr3	15468940	15469076 136
chr6	30181475	30181612 137
chr14	71275953	71276092 139
chr3	179040414	179040553 139
chr2	209130846	209130988 142
chr1	23857859	23858006 147
chr18	48724342	48724492 150
chr5	61601761	61601911 150
chr10	72238205	72238357 152
chr10	103911668	103911821 153
chr10	30722638	30722793 155
chr17	1956504	1956670 166
chr5	55290756	55290924 168
chr10	73610946	73611120 174
chr4	37892104	37892292 188
chr4	71705461	71705654 193
chr15	35261969	35262169 200
chr20	17663167	17663369 202
chr19	10514476	10514679 203
chr12	110718468	110718680 212
chr2	48667529	48667743 214
chr9	35103238	35103459 221
chr11	65189881	65190103 222
chr1	166808479	166808707 228
chr13	113343832	113344062 230
chr1	221916260	221916494 234
chr5	147763199	147763433 234
chr8	99058408	99058648 240
chr1	41444760	41445010 250
chr12	54673707	54673962 255
chr4	139936859	139937115 256
chr12	69201576	69201833 257
chr11	108535511	108535777 266
chr17	1956720	1956986 266
chr1	245027688	245027958 270
chr11	75479737	75480017 280
chr10	105156297	105156587 290
chr16	31711699	31711990 291
chr20	49548302	49548597 295
chr1	221915884	221916207 323
chr22	40742434	40742758 324
chr9	123639705	123640039 334
chr5	94890750	94891086 336
chr16	58035232	58035573 341
chr2	152266185	152266550 365
chr4	153700782	153701149 367
chr14	31677176	31677546 370
chr18	61089990	61090377 387
chr5	139017171	139017565 394
chr4	26321187	26321594 407
chr22	19109984	19110404 420
chr17	66507666	66508098 432
chr4	185570355	185570789 434
chr9	35072635	35073072 437
chr16	25122572	25123049 477
chr10	7454685	7455168 483
chr8	30670056	30670546 490
chr3	4534818	4535319 501
chrX	2526948	2527453 505
chr3	4534818	4535326 508
chr6	87861384	87861903 519
chr11	62358662	62359214 552
chr6	18264778	18265360 582
chr5	167913062	167913651 589
chr12	118813741	118814351 610
chr5	39074797	39075425 628
chr9	35079517	35080186 669
chr9	136223261	136223954 693
chr22	39097387	39098083 696
chr16	67514971	67515670 699
chr1	43389742	43390447 705
chr9	37034368	37035084 716
chr1	12226644	12227362 718
chr4	87855725	87856448 723
chr8	110346022	110346751 729
chr6	52441154	52441900 746
chr11	77531473	77532220 747
chr1	153918934	153919687 753
chr10	72141721	72142484 763
chr1	212003870	212004637 767
chr20	5093492	5094272 780
chr1	193090680	193091469 789
chr2	86333237	86334026 789
chr4	183838726	183839517 791
chr12	95610899	95611708 809
chr1	45476510	45477327 817
chr11	3875876	3876712 836
chr15	59225640	59226515 875
chr14	91884898	91885777 879
chr9	35814290	35815170 880
chr15	34659508	34660391 883
chr6	11093660	11094647 987
chr6	160147650	160148658 1008
chr15	44828479	44829488 1009
chr4	17811631	17812666 1035
chr17	37909988	37911027 1039
chr14	103850702	103851743 1041
chr2	198299301	198300356 1055
chr1	38325354	38326438 1084
chr8	28351396	28352491 1095
chr11	18034685	18035793 1108
chr14	64107855	64108978 1123
chr21	47648911	47650163 1252
chr4	37891884	37893238 1354
chr8	30514493	30515911 1418
chr6	160210822	160212252 1430
chr9	37465631	37467078 1447
chr8	22552315	22553831 1516
chr6	24720926	24722570 1644
chr1	249151746	249153579 1833
chr4	110480710	110482871 2161
chr5	6711172	6713494 2322
chr21	46291815	46294195 2380
chr20	47443418	47445954 2536
chr18	8607520	8610488 2968
chr4	26321046	26324520 3474
chr2	153573262	153576806 3544
