chr1	9242232	9242710	1
chr1	23857859	23858006	2
chr1	43389927	43390447	3
chr1	45476866	45477101	4
chr1	153919071	153919623	5
chr1	161008377	161008749	6
chr1	166808479	166808707	7
chr1	212004012	212004631	8
chr1	221915884	221915911	9
chr1	221915941	221916207	10
chr1	221916260	221916452	11
chr1	221916493	221916494	12
chr1	226595627	226596082	13
chr1	245027688	245027958	14
chr1	249152001	249152620	15
chr1	249152683	249153133	16
chr2	153573262	153573528	17
chr2	153574209	153574506	18
chr3	15468940	15469076	19
chr4	2965083	2965728	20
chr4	2965083	2965728	21
chr4	2965733	2966180	22
chr4	2965733	2966180	23
chr4	17812259	17812666	24
chr4	26321175	26321665	25
chr4	26321187	26321594	26
chr4	26323303	26323633	27
chr4	37891980	37892375	28
chr4	37892104	37892292	29
chr4	37892852	37893217	30
chr4	71705461	71705654	31
chr4	87855725	87856438	32
chr4	110481322	110481644	33
chr4	139936859	139937093	34
chr4	153700782	153701055	35
chr4	170191172	170191580	36
chr4	170192022	170192640	37
chr4	170192100	170192574	38
chr4	183838846	183839368	39
chr4	185570355	185570777	40
chr4	185747682	185747925	41
chr5	6712029	6712668	42
chr5	6712958	6713220	43
chr5	39074797	39074887	44
chr5	39074890	39075323	45
chr5	61601761	61601911	46
chr5	94890750	94891086	47
chr5	139017171	139017565	48
chr6	11093660	11094571	49
chr6	18264878	18265360	50
chr6	24721088	24721328	51
chr6	52441261	52441740	52
chr6	87861404	87861768	53
chr6	87861857	87861903	54
chr6	160147897	160148148	55
chr6	160211762	160211946	56
chr7	26240162	26240628	57
chr8	22552448	22552878	58
chr8	22553138	22553762	59
chr8	28351396	28351406	60
chr8	28351615	28351861	61
chr8	30515364	30515788	62
chr8	30670237	30670546	63
chr9	35079935	35080186	64
chr9	35814368	35814834	65
chr9	37034368	37034516	66
chr9	37034599	37035080	67
chr9	37466032	37466401	68
chr9	123639705	123640039	69
chr9	136223261	136223298	70
chr9	136223621	136223954	71
chr10	7452792	7453157	72
chr10	72142039	72142484	73
chr10	72238205	72238357	74
chr10	105156226	105156603	75
chr10	105156297	105156587	76
chr11	18034685	18034816	77
chr11	18034945	18035283	78
chr11	18035419	18035793	79
chr11	65189881	65189955	80
chr11	75479737	75480017	81
chr11	77531666	77532051	82
chr12	95611182	95611560	83
chr13	76123341	76123727	84
chr13	111567453	111567828	85
chr13	113343832	113344032	86
chr14	64108081	64108464	87
chr14	91885101	91885547	88
chr15	34659564	34660124	89
chr15	44828672	44829116	90
chr15	44829197	44829381	91
chr15	59225681	59226420	92
chr16	11891244	11891301	93
chr16	25123026	25123049	94
chr16	30787290	30787565	95
chr16	58035232	58035573	96
chr16	67515060	67515426	97
chr17	37910089	37910405	98
chr17	37910430	37910790	99
chr17	66507666	66508023	100
chr18	8607669	8607989	101
chr18	8608763	8609551	102
chr20	5093615	5094229	103
chr20	17663263	17663369	104
chr20	47443990	47444304	105
chr20	47444605	47444975	106
chr20	47445291	47445559	107
chr20	49548302	49548411	108
chr21	46292175	46292658	109
chr22	19109984	19110015	110
chr22	40742434	40742722	111
