chr1	9241732	9243210	1
chr1	23857359	23858506	2
chr1	43389427	43390947	3
chr1	45476366	45477601	4
chr1	153918571	153920123	5
chr1	161007877	161009249	6
chr1	166807979	166809207	7
chr1	212003512	212005131	8
chr1	221915384	221916411	9
chr1	221915441	221916707	10
chr1	221915760	221916952	11
chr1	221915993	221916994	12
chr1	226595127	226596582	13
chr1	245027188	245028458	14
chr1	249151501	249153120	15
chr1	249152183	249153633	16
chr2	153572762	153574028	17
chr2	153573709	153575006	18
chr3	15468440	15469576	19
chr4	2964583	2966228	20
chr4	2964583	2966228	21
chr4	2965233	2966680	22
chr4	2965233	2966680	23
chr4	17811759	17813166	24
chr4	26320675	26322165	25
chr4	26320687	26322094	26
chr4	26322803	26324133	27
chr4	37891480	37892875	28
chr4	37891604	37892792	29
chr4	37892352	37893717	30
chr4	71704961	71706154	31
chr4	87855225	87856938	32
chr4	110480822	110482144	33
chr4	139936359	139937593	34
chr4	153700282	153701555	35
chr4	170190672	170192080	36
chr4	170191522	170193140	37
chr4	170191600	170193074	38
chr4	183838346	183839868	39
chr4	185569855	185571277	40
chr4	185747182	185748425	41
chr5	6711529	6713168	42
chr5	6712458	6713720	43
chr5	39074297	39075387	44
chr5	39074390	39075823	45
chr5	61601261	61602411	46
chr5	94890250	94891586	47
chr5	139016671	139018065	48
chr6	11093160	11095071	49
chr6	18264378	18265860	50
chr6	24720588	24721828	51
chr6	52440761	52442240	52
chr6	87860904	87862268	53
chr6	87861357	87862403	54
chr6	160147397	160148648	55
chr6	160211262	160212446	56
chr7	26239662	26241128	57
chr8	22551948	22553378	58
chr8	22552638	22554262	59
chr8	28350896	28351906	60
chr8	28351115	28352361	61
chr8	30514864	30516288	62
chr8	30669737	30671046	63
chr9	35079435	35080686	64
chr9	35813868	35815334	65
chr9	37033868	37035016	66
chr9	37034099	37035580	67
chr9	37465532	37466901	68
chr9	123639205	123640539	69
chr9	136222761	136223798	70
chr9	136223121	136224454	71
chr10	7452292	7453657	72
chr10	72141539	72142984	73
chr10	72237705	72238857	74
chr10	105155726	105157103	75
chr10	105155797	105157087	76
chr11	18034185	18035316	77
chr11	18034445	18035783	78
chr11	18034919	18036293	79
chr11	65189381	65190455	80
chr11	75479237	75480517	81
chr11	77531166	77532551	82
chr12	95610682	95612060	83
chr13	76122841	76124227	84
chr13	111566953	111568328	85
chr13	113343332	113344532	86
chr14	64107581	64108964	87
chr14	91884601	91886047	88
chr15	34659064	34660624	89
chr15	44828172	44829616	90
chr15	44828697	44829881	91
chr15	59225181	59226920	92
chr16	11890744	11891801	93
chr16	25122526	25123549	94
chr16	30786790	30788065	95
chr16	58034732	58036073	96
chr16	67514560	67515926	97
chr17	37909589	37910905	98
chr17	37909930	37911290	99
chr17	66507166	66508523	100
chr18	8607169	8608489	101
chr18	8608263	8610051	102
chr20	5093115	5094729	103
chr20	17662763	17663869	104
chr20	47443490	47444804	105
chr20	47444105	47445475	106
chr20	47444791	47446059	107
chr20	49547802	49548911	108
chr21	46291675	46293158	109
chr22	19109484	19110515	110
chr22	40741934	40743222	111
